1 0.79261012035788 0.869948816652381 0.784984896154187 0.791080823787629 0.0132529520965517 0.791406129929877 0.78055642716454 0.418299932918401 0.55135596323279 0.1601300639842 0.418299932918401 0.45398186217436 0.417634543151318 -0.232031399777944 -0.338270650663786 0.880863118119644 -0.331097397785973 0.756844503076891 0.195230152872814 0.112429707096323 -0.110722569347738 0.32240305031742 0.331510505681899 0.623943142023895 0.581143931252175 -0.371714937396896 -0.488843614468361 -0.127190812025811 -0.764136748010398 -0.775522062113752 -0.782107746369124 0.534188100943569 -0.704560642208677 0.457721549059982 0.057560256164291 0 0.111494467237249 -0.0788919716630667 0.195540692278918 0.445050316322709 0.431022431550172 0.465193358340873 0.607688179651273 0.139742921045178 0
0.79261012035788 1 0.70444097414711 0.761764493223128 0.755545711013201 0.107182325068464 0.757982578377485 0.759246984880978 0.355603568097374 0.504559261501885 0.201487385918268 0.355603568097374 0.706959427362112 0.673909493734739 -0.205329939594288 -0.163698765858752 0.720977540992745 -0.14382833957269 0.814863799000011 0.219262972669016 -0.125159279681098 -0.0114082992920056 0.640528590951949 0.649228131747423 0.458607493754605 0.447629321593676 -0.0421391530057643 -0.0950296265844832 -0.115960724109983 -0.534345628277277 -0.540805123834862 -0.592922022248184 0.721866232925686 -0.704402968116563 0.563152885361828 0.253151946023156 0 -0.123462374697663 -0.0205707857982292 0.219586859230508 0.364556308521164 0.514953882207862 0.520117339071563 0.392395136261034 0.1160506723044 0
0.869948816652381 0.70444097414711 1 0.946404524101902 0.950207315202846 0.117723962436465 0.948879191249518 0.94048266922917 0.306030925137888 0.452751025370086 0.209863556530115 0.306030925137888 0.601525495416875 0.5581331459589 -0.302872501829753 -0.50937685894039 0.977903881716218 -0.480674542738721 0.904065988531993 0.243546865057888 -0.0159716318137988 -0.0345312931381625 0.44225341611819 0.413748469274864 0.73540144443269 0.749392398671057 -0.390988106006237 -0.478282742451687 -0.0931614155349813 -0.839318322950075 -0.844091046089808 -0.880365607922548 0.692038033781325 -0.837257610855385 0.58013723753027 0.0408279112470982 0 -0.0165685397884308 0.0989926949976656 0.243611105319252 0.314944272502382 0.507244808480177 0.564279259702081 0.703250205183349 0.149323981401356 0
0.784984896154187 0.761764493223128 0.946404524101902 1 0.998348517884263 0.169684683731407 0.997502124441525 0.995602727400774 0.298664161344163 0.458689952255882 0.235646283954958 0.298664161344163 0.760790098327508 0.716443543660064 -0.330882639487452 -0.4653328922082 0.923412176813511 -0.472706574022863 0.941045843752282 0.263685996767733 -0.0383600751870733 -0.0107706889543756 0.627205075528794 0.592395534986965 0.703933636057968 0.728993065566983 -0.231907365174893 -0.294103599078274 -0.109879014482957 -0.777128380707806 -0.779718753850587 -0.816990372290363 0.813939581373793 -0.8706303818527 0.690370702353136 0.154868354934315 0 -0.0392040702101169 0.10938853599711 0.263689008680397 0.272360622586267 0.553738331678632 0.626314015561485 0.6410866686938 0.139105756694841 0
0.791080823787629 0.755545711013201 0.950207315202846 0.998348517884263 1 0.135955399962513 0.998445303199696 0.996499534009533 0.296989156227517 0.46010879732975 0.241600641157586 0.296989156227517 0.75356148444788 0.709612813810757 -0.33011376450421 -0.467002936930139 0.928222595783868 -0.47422434213813 0.938139418377925 0.264210955197229 -0.0367293215929431 -0.0122193426140387 0.613301500259241 0.582397588622109 0.72722615935364 0.735009867721586 -0.240904055635316 -0.302754886413323 -0.109211498237249 -0.782024973340785 -0.786263105520211 -0.829884460552165 0.80802277406459 -0.870799313106401 0.687393800377243 0.147385301821204 0 -0.0375938830390114 0.106786239678178 0.264211851718368 0.271761760327278 0.552140865100229 0.624800992931844 0.658126906685295 0.142003512689706 0
0.0132529520965517 0.107182325068464 0.117723962436465 0.169684683731407 0.135955399962513 1 0.151989163043667 0.133220169134066 0.0143866453398593 -0.00797163975628822 -0.0414230752801076 0.0143866453398593 0.170899878556248 0.128769216513385 -0.129983256461055 -0.185123514982812 0.0875626684732038 -0.216201159513739 0.171895515512667 0.204972072350747 0.0270424899754106 0.0520232838110011 0.234619403350816 0.174643508557442 -0.26146154789823 0.0671217868556433 -0.00572600370989542 0.0246013209633614 0.0328844825627352 -0.157631921622092 -0.136413404903477 0.00930983808093041 0.173329103487692 -0.108776404173986 0.152610760327011 -0.0241762579640094 0 0.0270758465627066 0.142308994333389 0.204927763592757 0.0912232923673258 0.00754897157386022 0.051600837088754 -0.0132085071464466 -0.00483900421896217 0
0.791406129929877 0.757982578377485 0.948879191249518 0.997502124441525 0.998445303199696 0.151989163043667 1 0.99465103074355 0.290799865765267 0.457328599596136 0.249060662569907 0.290799865765267 0.751549306301364 0.70559545782908 -0.334255196146831 -0.458548799563657 0.928512864190025 -0.465844526566167 0.939624070756798 0.264623158357457 -0.0367305346368989 -0.011655253676347 0.612920768051766 0.592823323554323 0.719755602913682 0.718277316810892 -0.244990014576489 -0.305560256910391 -0.106133577374101 -0.778210906106078 -0.784441374202107 -0.824652201769123 0.80549206123431 -0.865021441663748 0.67797573761261 0.151006525188174 0 -0.0375841513765036 0.109664168665807 0.264622848784377 0.272023443242884 0.541478626416236 0.614192547278995 0.653512443207574 0.148597758904595 0
0.78055642716454 0.759246984880978 0.94048266922917 0.995602727400774 0.996499534009533 0.133220169134066 0.99465103074355 1 0.293271198714872 0.460342710010281 0.24951893615907 0.293271198714872 0.771461516673848 0.738985511657639 -0.278895663929379 -0.454318009127885 0.919896226800568 -0.464226433804654 0.940300362953659 0.264811243772402 -0.0383867592868099 -0.000720494739329724 0.633190222885117 0.601977909750359 0.723627427157248 0.732495862647806 -0.203590600875848 -0.264786911576077 -0.116150995674416 -0.779173509298013 -0.78240776528215 -0.827430207824788 0.823046304935801 -0.874958720335769 0.712316021329845 0.158268957963183 0 -0.0391942721217385 0.116815803030085 0.264815802853908 0.25235840026182 0.56482323329926 0.634883431070138 0.644052896920036 0.136069012538212 0
0.418299932918401 0.355603568097374 0.306030925137888 0.298664161344163 0.296989156227517 0.0143866453398593 0.290799865765267 0.293271198714872 1 0.869775332127776 -0.442263204459513 1 0.149356280254389 0.134833238455283 -0.0799872191667195 -0.268326492425553 0.280536966852354 -0.275182103965294 0.235060458094085 0.0524501282011496 0.217173367652035 -0.0266453361199545 0.129312567473146 0.127527569007677 0.174695546904837 0.129185018068235 -0.125211407001792 -0.278777405472354 -0.222427881823841 -0.337541364659851 -0.338643686113844 -0.304194992941754 0.192000298718305 -0.223419247558876 0.322123108928809 0.0795391231747313 0 0.217752695141667 0.00809309390708688 0.0524513924825385 0.294355496226562 0.254768174488408 0.304504496967251 0.276385349775251 0.185089129116177 0
0.55135596323279 0.504559261501885 0.452751025370086 0.458689952255882 0.46010879732975 -0.00797163975628822 0.457328599596136 0.460342710010281 0.869775332127776 1 0.0578776057071813 0.869775332127776 0.321103029229442 0.312936089906677 -0.0648004210924226 -0.224794813482499 0.454848209573309 -0.223119379071352 0.426450654079374 0.0359215195813288 0.220811140333596 0.0192155419529856 0.273511081920501 0.292443802239862 0.288751401921804 0.195948599173808 -0.118203612084415 -0.253882389334392 -0.17393313287378 -0.461183679972897 -0.470283490455015 -0.447055597954789 0.357022164548294 -0.472317907884397 0.419184316324331 0.180058482664862 0 0.221459917206885 0.0925734278020939 0.0359223854497304 0.301400881286042 0.387512812051593 0.424618627576725 0.32152795294185 0.174892514212908 0
0.1601300639842 0.201487385918268 0.209863556530115 0.235646283954958 0.241600641157586 -0.0414230752801076 0.249060662569907 0.24951893615907 -0.442263204459513 0.0578776057071813 1 -0.442263204459513 0.285707259490273 0.299841243332824 0.041422878499776 0.130485412767485 0.265027746240489 0.147499463856041 0.30546909093437 -0.0395316089847814 -0.0395316089847814 0.0885652886798785 0.238590391355626 0.276021467563913 0.176423394156546 0.100906852295769 0.035664916776069 0.100384520810779 0.134673401833805 -0.160463488310523 -0.174662182097625 -0.20261055485843 0.265290399173367 -0.412330262303683 0.114779139592799 0.165596079979311 0 -0.0395341501715556 0.153857120299194 -0.0395325618723953 -0.0476704148378468 0.191212872720477 0.158754904727955 0.0302327923220787 -0.0558455233479896 0
0.418299932918401 0.355603568097374 0.306030925137888 0.298664161344163 0.296989156227517 0.0143866453398593 0.290799865765267 0.293271198714872 1 0.869775332127776 -0.442263204459513 1 0.149356280254389 0.134833238455283 -0.0799872191667195 -0.268326492425553 0.280536966852354 -0.275182103965294 0.235060458094085 0.0524501282011496 0.217173367652035 -0.0266453361199545 0.129312567473146 0.127527569007677 0.174695546904837 0.129185018068235 -0.125211407001792 -0.278777405472354 -0.222427881823841 -0.337541364659851 -0.338643686113844 -0.304194992941754 0.192000298718305 -0.223419247558876 0.322123108928809 0.0795391231747313 0 0.217752695141667 0.00809309390708688 0.0524513924825385 0.294355496226562 0.254768174488408 0.304504496967251 0.276385349775251 0.185089129116177 0
0.45398186217436 0.706959427362112 0.601525495416875 0.760790098327508 0.75356148444788 0.170899878556248 0.751549306301364 0.771461516673848 0.149356280254389 0.321103029229442 0.285707259490273 0.149356280254389 1 0.981522178301697 -0.173494449886936 -0.080520210610016 0.623576169351416 -0.138338486283552 0.809847380183448 0.249571569743855 -0.0605397014133528 0.0163312456500614 0.963124229356737 0.92977574274406 0.399406944776913 0.426089276810332 0.246751865424794 0.316596465859005 0.0156637626090999 -0.447328197216658 -0.444413891962299 -0.455847568326291 0.972449197892118 -0.707864517418623 0.718547961683374 0.416216460976084 0 -0.0618989173042944 0.185753590060689 0.249587313800138 0.112645530267776 0.585355437507499 0.565160157789487 0.248385273976679 0.0889405966015631 0
0.417634543151318 0.673909493734739 0.5581331459589 0.716443543660064 0.709612813810757 0.128769216513385 0.70559545782908 0.738985511657639 0.134833238455283 0.312936089906677 0.299841243332824 0.134833238455283 0.981522178301697 1 -0.0162642146214838 -0.0373096936136394 0.585092387640404 -0.0999078647348506 0.773402214820811 0.250187966884494 -0.0587492683378526 0.0263386298089053 0.950924774090383 0.91524236722199 0.377947292184489 0.40534743341071 0.313706238506208 0.372411962880706 -0.0054835087724953 -0.43492685944716 -0.430500888794688 -0.439980578990519 0.949369419527682 -0.683744188226592 0.735855381945906 0.411882705929339 0 -0.0599071040909055 0.194239981704576 0.250218926150421 0.0751466510267269 0.594840388374904 0.566060064793384 0.210050411480387 0.0776696626999299 0
-0.232031399777944 -0.205329939594288 -0.302872501829753 -0.330882639487452 -0.33011376450421 -0.129983256461055 -0.334255196146831 -0.278895663929379 -0.0799872191667195 -0.0648004210924226 0.041422878499776 -0.0799872191667195 -0.173494449886936 -0.0162642146214838 1 0.253174797884735 -0.270527797551385 0.251731130394875 -0.259790472905407 -0.001099265687374 0.045783078277074 0.0950104055777121 -0.12917891795527 -0.115307498956125 -0.211413855734388 -0.232485562145986 0.387754185186674 0.291010783264752 -0.132525084790174 0.0943752932365097 0.0990968874065616 0.123209447730438 -0.197835316829907 0.210522921042432 0.0427391235420191 -0.00220675175894609 0 0.047875246821867 0.12072480004764 -0.000884054666128249 -0.205027114269093 0.0453188160419298 -0.0140751285449517 -0.261456441022932 -0.0711617256197658 0
-0.338270650663786 -0.163698765858752 -0.50937685894039 -0.4653328922082 -0.467002936930139 -0.185123514982812 -0.458548799563657 -0.454318009127885 -0.268326492425553 -0.224794813482499 0.130485412767485 -0.268326492425553 -0.080520210610016 -0.0373096936136394 0.253174797884735 1 -0.354220455219459 0.92149708432576 -0.271776830667918 -0.0822005565075431 0.0159180814059674 -0.17448198821907 0.0331870746450963 0.0958394173808196 -0.431830528331142 -0.53858028829064 0.372097777643278 0.51617991168308 0.212137905935525 0.486212014778259 0.476114657860854 0.503645726131102 -0.169075951075702 0.348361714998358 -0.392238371740702 0.322551029469469 0 0.01618785849748 -0.0232496988476176 -0.0815847937201833 -0.210896900701791 -0.100650681007691 -0.283706956640989 -0.591453387843609 -0.0265105368607413 0
0.880863118119644 0.720977540992745 0.977903881716218 0.923412176813511 0.928222595783868 0.0875626684732038 0.928512864190025 0.919896226800568 0.280536966852354 0.454848209573309 0.265027746240489 0.280536966852354 0.623576169351416 0.585092387640404 -0.270527797551385 -0.354220455219459 1 -0.338422204190097 0.926032616506673 0.212404398326394 -0.00861840837179047 -0.0934112482757616 0.472206411880268 0.45304505575739 0.714771563349428 0.708342468620041 -0.371009798493499 -0.42195576800051 -0.0245384299759171 -0.824859863336645 -0.831475110154863 -0.862809876437839 0.707163254389439 -0.840791689073189 0.55230665727161 0.0957318029039983 0 -0.00924037893095694 0.11450100229216 0.212658196452836 0.301782992998927 0.510349828511809 0.534618991452915 0.658050792972411 0.15524170607249 0
-0.331097397785973 -0.14382833957269 -0.480674542738721 -0.472706574022863 -0.47422434213813 -0.216201159513739 -0.465844526566167 -0.464226433804654 -0.275182103965294 -0.223119379071352 0.147499463856041 -0.275182103965294 -0.138338486283552 -0.0999078647348506 0.251731130394875 0.92149708432576 -0.338422204190097 1 -0.243465040722551 -0.160379081268877 -0.141066541179088 0.0064109476440993 -0.026422844908003 0.0391708937265713 -0.448358075177391 -0.546751420697212 0.287216308027554 0.435321257806376 0.261100480217927 0.526426124012171 0.515203252723838 0.476935839695095 -0.204520787070476 0.33124822107059 -0.436683086429753 0.271992835970671 0 -0.139089750739409 0.0511076978799167 -0.15973966667694 -0.252320912251791 -0.138346417987834 -0.319232037988457 -0.592494893026808 -0.0350392929959433 0
0.756844503076891 0.814863799000011 0.904065988531993 0.941045843752282 0.938139418377925 0.171895515512667 0.939624070756798 0.940300362953659 0.235060458094085 0.426450654079374 0.30546909093437 0.235060458094085 0.809847380183448 0.773402214820811 -0.259790472905407 -0.271776830667918 0.926032616506673 -0.243465040722551 1 0.234312540205778 -0.149208244979837 -0.00581779896977722 0.693567344880214 0.668921187530963 0.634103840436575 0.655715484952834 -0.173743563100974 -0.180562077495529 -0.0190058101668621 -0.703441252968337 -0.706132228325365 -0.764249128947794 0.853338430598141 -0.868796621813588 0.633651928920773 0.223916736564295 0 -0.148131877323513 0.191142954566786 0.234566258460563 0.21788797175842 0.578927239220939 0.589038907600977 0.543706147593876 0.147275080594327 0
0.195230152872814 0.219262972669016 0.243546865057888 0.263685996767733 0.264210955197229 0.204972072350747 0.264623158357457 0.264811243772402 0.0524501282011496 0.0359215195813288 -0.0395316089847814 0.0524501282011496 0.249571569743855 0.250187966884494 -0.001099265687374 -0.0822005565075431 0.212404398326394 -0.160379081268877 0.234312540205778 1 -0.0245351453101327 -0.0172447734208504 0.245543450746842 0.246614139700685 0.195567630224975 0.148356388165983 0.201372470965866 0.090878301279627 -0.213384564002516 -0.240141799993031 -0.251759873025275 -0.223181485756249 0.253715856447303 -0.153226840127482 0.226535303660787 0.0756265514843487 0 -0.0245367224882027 -0.0560842683949005 0.999959826694647 0.083564824053173 0.189974908573161 0.188467430249144 0.164335858401584 0.0205597244970086 0
0.112429707096323 -0.125159279681098 -0.0159716318137988 -0.0383600751870733 -0.0367293215929431 0.0270424899754106 -0.0367305346368989 -0.0383867592868099 0.217173367652035 0.220811140333596 -0.0395316089847814 0.217173367652035 -0.0605397014133528 -0.0587492683378526 0.045783078277074 0.0159180814059674 -0.00861840837179047 -0.141066541179088 -0.149208244979837 -0.0245351453101327 1 -0.0172447734208504 -0.044118951304169 -0.0311010517069367 -0.0719307200807883 -0.110867682768489 0.0300066250010791 -0.0603927957489785 -0.0599883975920636 -0.202569633456669 -0.202472541743532 0.0127821181205679 -0.0640372707598377 0.0691630884324797 0.0192670034542937 0.0502538180417346 0 0.999825526868647 -0.0560842683949005 -0.0245357367162675 0.083564824053173 0.0493526914935788 0.0447105430310805 0.0335032618469892 0.0282037363282977 0
-0.110722569347738 -0.0114082992920056 -0.0345312931381625 -0.0107706889543756 -0.0122193426140387 0.0520232838110011 -0.011655253676347 -0.000720494739329724 -0.0266453361199545 0.0192155419529856 0.0885652886798785 -0.0266453361199545 0.0163312456500614 0.0263386298089053 0.0950104055777121 -0.17448198821907 -0.0934112482757616 0.0064109476440993 -0.00581779896977722 -0.0172447734208504 -0.0172447734208504 1 0.0243429553239199 0.025464293621265 -0.020406305783088 0.00280163638620215 0.129180764036393 0.0866496150976947 -0.107779285758063 0.130746900945721 0.128893537637959 0.0161787084189668 0.0274754474468037 -0.00643923397161509 0.0108009494585421 -0.0034149491430073 0 -0.0172458819563051 0.323259509700967 -0.017245189096595 -0.140287851454552 0.0319376754757105 0.0294291522943211 -0.0450672015388771 0.0247968422259783 0
0.32240305031742 0.640528590951949 0.44225341611819 0.627205075528794 0.613301500259241 0.234619403350816 0.612920768051766 0.633190222885117 0.129312567473146 0.273511081920501 0.238590391355626 0.129312567473146 0.963124229356737 0.950924774090383 -0.12917891795527 0.0331870746450963 0.472206411880268 -0.026422844908003 0.693567344880214 0.245543450746842 -0.044118951304169 0.0243429553239199 1 0.955330645687246 0.173924196785936 0.247771500162241 0.359106115756675 0.442884192202294 0.0306200147587121 -0.299964096313094 -0.294532525062766 -0.274254937206791 0.915183054861595 -0.580813869759689 0.639007465263083 0.480932245701752 0 -0.0455847307149981 0.176954218253086 0.245570041952891 0.0791096087425642 0.528129501894792 0.488920100729584 0.0639996328440336 0.0739996082162609 0
0.331510505681899 0.649228131747423 0.413748469274864 0.592395534986965 0.582397588622109 0.174643508557442 0.592823323554323 0.601977909750359 0.127527569007677 0.292443802239862 0.276021467563913 0.127527569007677 0.92977574274406 0.91524236722199 -0.115307498956125 0.0958394173808196 0.45304505575739 0.0391708937265713 0.668921187530963 0.246614139700685 -0.0311010517069367 0.025464293621265 0.955330645687246 1 0.181116588927832 0.132380499187184 0.347479123502191 0.423126621049936 0.0214663941445059 -0.248836623252671 -0.2578171922684 -0.2489137685764 0.873687362557791 -0.528555151615261 0.574012186524921 0.515690357525067 0 -0.0324334416575792 0.1506958216386 0.246646228851874 0.0982514422379295 0.487157252162629 0.440782886149109 0.0448991488583945 0.0981784684796532 0
0.623943142023895 0.458607493754605 0.73540144443269 0.703933636057968 0.72722615935364 -0.26146154789823 0.719755602913682 0.723627427157248 0.174695546904837 0.288751401921804 0.176423394156546 0.174695546904837 0.399406944776913 0.377947292184489 -0.211413855734388 -0.431830528331142 0.714771563349428 -0.448358075177391 0.634103840436575 0.195567630224975 -0.0719307200807883 -0.020406305783088 0.173924196785936 0.181116588927832 1 0.773292141010436 -0.27669394441352 -0.349602452397187 -0.108513472656742 -0.67254717005475 -0.685747262159144 -0.823787270612564 0.470001200510364 -0.650339260028594 0.498920552240127 -0.0655815012793476 0 -0.072280710467459 0.0659748651967881 0.19547202176722 0.157845353549672 0.38500127055513 0.458749537431724 0.779068728215211 0.0990972709695726 0
0.581143931252175 0.447629321593676 0.749392398671057 0.728993065566983 0.735009867721586 0.0671217868556433 0.718277316810892 0.732495862647806 0.129185018068235 0.195948599173808 0.100906852295769 0.129185018068235 0.426089276810332 0.40534743341071 -0.232485562145986 -0.53858028829064 0.708342468620041 -0.546751420697212 0.655715484952834 0.148356388165983 -0.110867682768489 0.00280163638620215 0.247771500162241 0.132380499187184 0.773292141010436 1 -0.28977896062712 -0.300195883252178 -0.0329016967685055 -0.70695654142493 -0.68779470587906 -0.757313264377874 0.500823728537891 -0.694270739506049 0.565501688261161 -0.156091403864793 0 -0.111583783812621 0.101380865124645 0.148163575306145 0.124421917719874 0.355904279080537 0.444079077678304 0.706110006690934 0.0476391760580767 0
-0.371714937396896 -0.0421391530057643 -0.390988106006237 -0.231907365174893 -0.240904055635316 -0.00572600370989542 -0.244990014576489 -0.203590600875848 -0.125211407001792 -0.118203612084415 0.035664916776069 -0.125211407001792 0.246751865424794 0.313706238506208 0.387754185186674 0.372097777643278 -0.371009798493499 0.287216308027554 -0.173743563100974 0.201372470965866 0.0300066250010791 0.129180764036393 0.359106115756675 0.347479123502191 -0.27669394441352 -0.28977896062712 1 0.801548109864157 -0.407799352449204 0.258836466038516 0.26456943747451 0.304662134898284 0.134508892721844 0.204001190259238 0.11722215921774 0.253296055904964 0 0.0305934993693174 -0.0183213102621059 0.201338411210397 -0.142519697748391 0.141174091057274 0.0555566157225993 -0.432850017421094 -0.102797353106162 0
-0.488843614468361 -0.0950296265844832 -0.478282742451687 -0.294103599078274 -0.302754886413323 0.0246013209633614 -0.305560256910391 -0.264786911576077 -0.278777405472354 -0.253882389334392 0.100384520810779 -0.278777405472354 0.316596465859005 0.372411962880706 0.291010783264752 0.51617991168308 -0.42195576800051 0.435321257806376 -0.180562077495529 0.090878301279627 -0.0603927957489785 0.0866496150976947 0.442884192202294 0.423126621049936 -0.349602452397187 -0.300195883252178 0.801548109864157 1 0.151970198177389 0.35539448289693 0.366630800360361 0.397690011485138 0.204120486647452 0.211171796623337 0.128610419459784 0.228705926634891 0 -0.0615373736896129 0.106016479648717 0.0909589267333921 -0.315544870913319 0.0146615526111391 -0.0896308444377724 -0.480275280065367 -0.08080820311802 0
-0.127190812025811 -0.115960724109983 -0.0931614155349813 -0.109879014482957 -0.109211498237249 0.0328844825627352 -0.106133577374101 -0.116150995674416 -0.222427881823841 -0.17393313287378 0.134673401833805 -0.222427881823841 0.0156637626090999 -0.0054835087724953 -0.132525084790174 0.212137905935525 -0.0245384299759171 0.261100480217927 -0.0190058101668621 -0.213384564002516 -0.0599883975920636 -0.107779285758063 0.0306200147587121 0.0214663941445059 -0.108513472656742 -0.0329016967685055 -0.407799352449204 0.151970198177389 1 0.089662980750489 0.0970664084960103 0.0948810601352051 0.0388282622941972 -0.0104325208085038 -0.0175626497615714 -0.037639585444411 0 -0.0620778305450272 0.226735072868552 -0.213316745666614 -0.244394952997163 -0.209103761769558 -0.237277414589296 -0.0765262844727246 0.00236249783207348 0
-0.764136748010398 -0.534345628277277 -0.839318322950075 -0.777128380707806 -0.782024973340785 -0.157631921622092 -0.778210906106078 -0.779173509298013 -0.337541364659851 -0.461183679972897 -0.160463488310523 -0.337541364659851 -0.447328197216658 -0.43492685944716 0.0943752932365097 0.486212014778259 -0.824859863336645 0.526426124012171 -0.703441252968337 -0.240141799993031 -0.202569633456669 0.130746900945721 -0.299964096313094 -0.248836623252671 -0.67254717005475 -0.70695654142493 0.258836466038516 0.35539448289693 0.089662980750489 1 0.997184598437039 0.91875185163855 -0.531582253404145 0.700665822535005 -0.628515541305519 0.157232590900083 0 -0.201919254135226 -0.0638915480928967 -0.240154884988172 -0.269941867964268 -0.364577310583982 -0.437461627489256 -0.714163105637874 -0.0978499259558163 0
-0.775522062113752 -0.540805123834862 -0.844091046089808 -0.779718753850587 -0.786263105520211 -0.136413404903477 -0.784441374202107 -0.78240776528215 -0.338643686113844 -0.470283490455015 -0.174662182097625 -0.338643686113844 -0.444413891962299 -0.430500888794688 0.0990968874065616 0.476114657860854 -0.831475110154863 0.515203252723838 -0.706132228325365 -0.251759873025275 -0.202472541743532 0.128893537637959 -0.294532525062766 -0.2578171922684 -0.685747262159144 -0.68779470587906 0.26456943747451 0.366630800360361 0.0970664084960103 0.997184598437039 1 0.923787868544736 -0.528600540054807 0.695983573290039 -0.616561007262688 0.148820358994049 0 -0.201817908099297 -0.0557243791511462 -0.251718210823955 -0.280893044099155 -0.362908959088445 -0.434603737107599 -0.722194304782251 -0.104201253910329 0
-0.782107746369124 -0.592922022248184 -0.880365607922548 -0.816990372290363 -0.829884460552165 0.00930983808093041 -0.824652201769123 -0.827430207824788 -0.304194992941754 -0.447055597954789 -0.20261055485843 -0.304194992941754 -0.455847568326291 -0.439980578990519 0.123209447730438 0.503645726131102 -0.862809876437839 0.476935839695095 -0.764249128947794 -0.223181485756249 0.0127821181205679 0.0161787084189668 -0.274254937206791 -0.2489137685764 -0.823787270612564 -0.757313264377874 0.304662134898284 0.397690011485138 0.0948810601352051 0.91875185163855 0.923787868544736 1 -0.544312736144477 0.758079036536302 -0.608234779240241 0.127103314019419 0 0.0135783010854053 -0.106556768829681 -0.223223956470237 -0.240109146020712 -0.408815658371117 -0.478638592145045 -0.761734847948455 -0.117358554072571 0
0.534188100943569 0.721866232925686 0.692038033781325 0.813939581373793 0.80802277406459 0.173329103487692 0.80549206123431 0.823046304935801 0.192000298718305 0.357022164548294 0.265290399173367 0.192000298718305 0.972449197892118 0.949369419527682 -0.197835316829907 -0.169075951075702 0.707163254389439 -0.204520787070476 0.853338430598141 0.253715856447303 -0.0640372707598377 0.0274754474468037 0.915183054861595 0.873687362557791 0.470001200510364 0.500823728537891 0.134508892721844 0.204120486647452 0.0388282622941972 -0.531582253404145 -0.528600540054807 -0.544312736144477 1 -0.751383407953687 0.750467084851051 0.341383338599457 0 -0.065476365713529 0.190744165017987 0.253745684802764 0.149022680622557 0.586858859804008 0.580184214735428 0.354900144103291 0.112772722635424 0
-0.704560642208677 -0.704402968116563 -0.837257610855385 -0.8706303818527 -0.870799313106401 -0.108776404173986 -0.865021441663748 -0.874958720335769 -0.223419247558876 -0.472317907884397 -0.412330262303683 -0.223419247558876 -0.707864517418623 -0.683744188226592 0.210522921042432 0.348361714998358 -0.840791689073189 0.33124822107059 -0.868796621813588 -0.153226840127482 0.0691630884324797 -0.00643923397161509 -0.580813869759689 -0.528555151615261 -0.650339260028594 -0.694270739506049 0.204001190259238 0.211171796623337 -0.0104325208085038 0.700665822535005 0.695983573290039 0.758079036536302 -0.751383407953687 1 -0.649768116195526 -0.254993478451829 0 0.0695317474455824 -0.269720908729312 -0.153221687885829 -0.140630103050861 -0.639244903177098 -0.685221466918577 -0.521469913833695 -0.0971102575229554 0
0.457721549059982 0.563152885361828 0.58013723753027 0.690370702353136 0.687393800377243 0.152610760327011 0.67797573761261 0.712316021329845 0.322123108928809 0.419184316324331 0.114779139592799 0.322123108928809 0.718547961683374 0.735855381945906 0.0427391235420191 -0.392238371740702 0.55230665727161 -0.436683086429753 0.633651928920773 0.226535303660787 0.0192670034542937 0.0108009494585421 0.639007465263083 0.574012186524921 0.498920552240127 0.565501688261161 0.11722215921774 0.128610419459784 -0.0175626497615714 -0.628515541305519 -0.616561007262688 -0.608234779240241 0.750467084851051 -0.649768116195526 1 0.0301741033414642 0 0.018177356673619 0.169704514192949 0.22620265818688 0.069287104131732 0.435156316255698 0.513962297542124 0.456389377943867 0.0333787610973415 0
0.057560256164291 0.253151946023156 0.0408279112470982 0.154868354934315 0.147385301821204 -0.0241762579640094 0.151006525188174 0.158268957963183 0.0795391231747313 0.180058482664862 0.165596079979311 0.0795391231747313 0.416216460976084 0.411882705929339 -0.00220675175894609 0.322551029469469 0.0957318029039983 0.271992835970671 0.223916736564295 0.0756265514843487 0.0502538180417346 -0.0034149491430073 0.480932245701752 0.515690357525067 -0.0655815012793476 -0.156091403864793 0.253296055904964 0.228705926634891 -0.037639585444411 0.157232590900083 0.148820358994049 0.127103314019419 0.341383338599457 -0.254993478451829 0.0301741033414642 1 0 0.0497705436136595 0.164466251170285 0.075705700622722 -0.0454132829944647 0.391625016759741 0.319562156849092 -0.312656587004795 0.021209682083656 0
0 0 0 0 0 0 0 0 0 0 0 0 0 0 0 0 0 0 0 0 0 0 0 0 0 0 0 0 0 0 0 0 0 0 0 0 1 0 0 0 0 0 0 0 0 0
0.111494467237249 -0.123462374697663 -0.0165685397884308 -0.0392040702101169 -0.0375938830390114 0.0270758465627066 -0.0375841513765036 -0.0391942721217385 0.217752695141667 0.221459917206885 -0.0395341501715556 0.217752695141667 -0.0618989173042944 -0.0599071040909055 0.047875246821867 0.01618785849748 -0.00924037893095694 -0.139089750739409 -0.148131877323513 -0.0245367224882027 0.999825526868647 -0.0172458819563051 -0.0455847307149981 -0.0324334416575792 -0.072280710467459 -0.111583783812621 0.0305934993693174 -0.0615373736896129 -0.0620778305450272 -0.201919254135226 -0.201817908099297 0.0135783010854053 -0.065476365713529 0.0695317474455824 0.018177356673619 0.0497705436136595 0 1 -0.0560878736263784 -0.0245373139323545 0.0835701958007726 0.0511714729558841 0.0464901092036513 0.0352018460719501 0.0280206188444172 0
-0.0788919716630667 -0.0205707857982292 0.0989926949976656 0.10938853599711 0.106786239678178 0.142308994333389 0.109664168665807 0.116815803030085 0.00809309390708688 0.0925734278020939 0.153857120299194 0.00809309390708688 0.185753590060689 0.194239981704576 0.12072480004764 -0.0232496988476176 0.11450100229216 0.0511076978799167 0.191142954566786 -0.0560842683949005 -0.0560842683949005 0.323259509700967 0.176954218253086 0.1506958216386 0.0659748651967881 0.101380865124645 -0.0183213102621059 0.106016479648717 0.226735072868552 -0.0638915480928967 -0.0557243791511462 -0.106556768829681 0.190744165017987 -0.269720908729312 0.169704514192949 0.164466251170285 0 -0.0560878736263784 1 -0.0560856202752328 -0.626313153104852 0.158260730383706 0.148202959749677 0.0102141019724445 0.0538158948279531 0
0.195540692278918 0.219586859230508 0.243611105319252 0.263689008680397 0.264211851718368 0.204927763592757 0.264622848784377 0.264815802853908 0.0524513924825385 0.0359223854497304 -0.0395325618723953 0.0524513924825385 0.249587313800138 0.250218926150421 -0.000884054666128249 -0.0815847937201833 0.212658196452836 -0.15973966667694 0.234566258460563 0.999959826694647 -0.0245357367162675 -0.017245189096595 0.245570041952891 0.246646228851874 0.19547202176722 0.148163575306145 0.201338411210397 0.0909589267333921 -0.213316745666614 -0.240154884988172 -0.251718210823955 -0.223223956470237 0.253745684802764 -0.153221687885829 0.22620265818688 0.075705700622722 0 -0.0245373139323545 -0.0560856202752328 1 0.0835668383371307 0.190179525103252 0.18855101514088 0.164234632997631 0.0212184001729151 0
0.445050316322709 0.364556308521164 0.314944272502382 0.272360622586267 0.271761760327278 0.0912232923673258 0.272023443242884 0.25235840026182 0.294355496226562 0.301400881286042 -0.0476704148378468 0.294355496226562 0.112645530267776 0.0751466510267269 -0.205027114269093 -0.210896900701791 0.301782992998927 -0.252320912251791 0.21788797175842 0.083564824053173 0.083564824053173 -0.140287851454552 0.0791096087425642 0.0982514422379295 0.157845353549672 0.124421917719874 -0.142519697748391 -0.315544870913319 -0.244394952997163 -0.269941867964268 -0.280893044099155 -0.240109146020712 0.149022680622557 -0.140630103050861 0.069287104131732 -0.0454132829944647 0 0.0835701958007726 -0.626313153104852 0.0835668383371307 1 0.215345938923926 0.23149658611324 0.247273606910832 0.0544600451488895 0
0.431022431550172 0.514953882207862 0.507244808480177 0.553738331678632 0.552140865100229 0.00754897157386022 0.541478626416236 0.56482323329926 0.254768174488408 0.387512812051593 0.191212872720477 0.254768174488408 0.585355437507499 0.594840388374904 0.0453188160419298 -0.100650681007691 0.510349828511809 -0.138346417987834 0.578927239220939 0.189974908573161 0.0493526914935788 0.0319376754757105 0.528129501894792 0.487157252162629 0.38500127055513 0.355904279080537 0.141174091057274 0.0146615526111391 -0.209103761769558 -0.364577310583982 -0.362908959088445 -0.408815658371117 0.586858859804008 -0.639244903177098 0.435156316255698 0.391625016759741 0 0.0511714729558841 0.158260730383706 0.190179525103252 0.215345938923926 1 0.9635238011662 0.226147790797041 0.137400079110016 0
0.465193358340873 0.520117339071563 0.564279259702081 0.626314015561485 0.624800992931844 0.051600837088754 0.614192547278995 0.634883431070138 0.304504496967251 0.424618627576725 0.158754904727955 0.304504496967251 0.565160157789487 0.566060064793384 -0.0140751285449517 -0.283706956640989 0.534618991452915 -0.319232037988457 0.589038907600977 0.188467430249144 0.0447105430310805 0.0294291522943211 0.488920100729584 0.440782886149109 0.458749537431724 0.444079077678304 0.0555566157225993 -0.0896308444377724 -0.237277414589296 -0.437461627489256 -0.434603737107599 -0.478638592145045 0.580184214735428 -0.685221466918577 0.513962297542124 0.319562156849092 0 0.0464901092036513 0.148202959749677 0.18855101514088 0.23149658611324 0.9635238011662 1 0.340354601865994 0.138124246597781 0
0.607688179651273 0.392395136261034 0.703250205183349 0.6410866686938 0.658126906685295 -0.0132085071464466 0.653512443207574 0.644052896920036 0.276385349775251 0.32152795294185 0.0302327923220787 0.276385349775251 0.248385273976679 0.210050411480387 -0.261456441022932 -0.591453387843609 0.658050792972411 -0.592494893026808 0.543706147593876 0.164335858401584 0.0335032618469892 -0.0450672015388771 0.0639996328440336 0.0448991488583945 0.779068728215211 0.706110006690934 -0.432850017421094 -0.480275280065367 -0.0765262844727246 -0.714163105637874 -0.722194304782251 -0.761734847948455 0.354900144103291 -0.521469913833695 0.456389377943867 -0.312656587004795 0 0.0352018460719501 0.0102141019724445 0.164234632997631 0.247273606910832 0.226147790797041 0.340354601865994 1 0.167393150525371 0
0.139742921045178 0.1160506723044 0.149323981401356 0.139105756694841 0.142003512689706 -0.00483900421896217 0.148597758904595 0.136069012538212 0.185089129116177 0.174892514212908 -0.0558455233479896 0.185089129116177 0.0889405966015631 0.0776696626999299 -0.0711617256197658 -0.0265105368607413 0.15524170607249 -0.0350392929959433 0.147275080594327 0.0205597244970086 0.0282037363282977 0.0247968422259783 0.0739996082162609 0.0981784684796532 0.0990972709695726 0.0476391760580767 -0.102797353106162 -0.08080820311802 0.00236249783207348 -0.0978499259558163 -0.104201253910329 -0.117358554072571 0.112772722635424 -0.0971102575229554 0.0333787610973415 0.021209682083656 0 0.0280206188444172 0.0538158948279531 0.0212184001729151 0.0544600451488895 0.137400079110016 0.138124246597781 0.167393150525371 1 0
0 0 0 0 0 0 0 0 0 0 0 0 0 0 0 0 0 0 0 0 0 0 0 0 0 0 0 0 0 0 0 0 0 0 0 0 0 0 0 0 0 0 0 0 0 1
